1483586889
429047995
6443798068
6443937768
373515261
6443632915
335187483
407932476
603097018
936694037
1040137269
344176018
307727765
1477966166
6443962611
6443943143
553834731
1479608271
1372432331
1418534358
6443850505
538212549
6443766929
969229981
1485254661
1292787392
1545893395
1116692318
6443601749
1466120520
6443627285
6443919321
6443934501
1643136084
1484774206
6443881256
1624565880
364876095
877638937
574418486
925494667
913292932
1182474649
357404131
1176027022
6443638105
329315203
600093562
1514546586
1638672996
632064672
323998316
1248894499
534568162
1645858841
1636667535
883738213
1449584007
409128287
1158967485
623592465
1223471316
529479190
1470048869
1566872561
6443931578
525429653
384830320
1120304868
1480094189
1482088595
348177651
904278510
6443870843
418873064
1598130789
596402997
436792321
304878510
1062515791
913943275
940292587
510461370
1090242126
6443966527
288429040
6443917977
1517783697
6443918056
327963391
297012060
6443860661
389581236
1252497129
1642146415
1518055618
725097967
1638066088
6443560968
1557515503
435871950
6443502042
1049254261
477120941
6443656838
393328150
1038369065
1344702806
499470113
941143328
904244226
409161665
1436601495
1640079863
6443965349
6443837294
1148321705
481679745
1643944427
749471884
1273950116
1057991212
1615208337
1639475883
6443923891
1484773568
6443902896
1350735095
381342267
493145008
365527345
556557690
375667763
649181106
563488727
546473125
1500098830
364387007
1512265589
1098157959
1592704977
1049876497
884963367
882931712
6443610902
1095459556
336353151
319881193
1637839153
310633997
1641099309
469231420
1600070344
1052898458
1073500846
407173878
506627515
642831690
6443944735
1060683933
1524371466
382698565
1193350206
1459650701
1057889290
1295610132
439628153
1618599725
1644548509
6443937801
507874739
1135992985
6443885450
1233674557
1642733080
1117998129
1271086060
1479198816
284035177
521577043
1477465763
1084793516
6443879902
6443892639
293622097
1636519321
457835054
6443335593
1499849161
1374225046
1632384400
1351168404
777310222
480603264
550221096
442378070
6443750653
1603384844
1543667909
497880658
835895351
1288508230
1563021861
1526121033
6443911887
1549814091
6443882754
842842640
6443763983
1293681293
599608562
1549647623
833951143
1082476620
929190059
1292952049
510590053
1642514559
426747278
988259048
6443807232
6443922170
294631159
432504470
640364616
422689480
667362389
578448682
1228969539
943869618
880510678
6443946454
6443948667
395972146
1115120118
327535329
972558973
1641441993
1202650514
1546181468
1376515087
1342290011
348867501
1060102144
1453838527
1323486315
1164801111
1486214495
852912420
1298425485
887947640
1323070827
1642685338
1532666619
1062745479
1568415097
726696040
1208952944
1441797808
1477229754
1465720386
6443895246
1105855019
6443854218
436633782
284862083
602321016
1618857304
1071744151
1112935685
1484296272
324684580
500122729
924620788
1608745442
6443838197
1623428532
1059749112
700740791
1285713171
6443947497
1328950963
447374873
6443967329
1627530551
389801252
1477982414
6443949889
508501813
1641058310
6443933987
1539324945
1356045010
1552411931
1079607960
1304488725
6443868952
625724561
6443762577
1498327873
6443461442
6443860485
1539408727
728293409
927098908
1351202913
1633960431
664575829
934459219
6443960136
1156114278
6443823475
1606009811
6443824232
1496354836
1458655678
525299323
6443953029
1525373602
880993267
6443929881
887914690
1058959277
1028362533
1570409180
6443965212
1052238659
6443940931
1483058899
1438091392
588013838
388947468
1020357408
1499149941
1570129169
842849113
6443956192
1574460221
1643495940
6443937733
1180884341
535179789
6443945762
1642146866
301387274
400201466
1492427207
1630887189
6443879895
1040227414
500003565
6443844293
1294341144
6443880158
6443772400
538410698
6443951707
1272688648
680819774
389638243
6443660421
6443924970
1017492454
1077809640
6443750216
6443941498
691987312
1638906106
519652671
449594317
6443908290
1485716800
1644684956
1478611992
1507782313
6443829948
1278887323
1438245901
1113153706
1551207253
581657578
531809006
586076398
344186162
1532381146
530168168
1638551535
1640072493
632064380
1624539982
6443957370
6443957107
1200391796
1465868643
370820516
1555501888
6443937711
1540557475
1140156471
6443850447
1238247658
363738376
1488977981
6443900345
1456359623
469964520
1019610471
1274972321
1033342465
6443826237
1447509164
436691368
1406710800
1568058543
333903271
6443849595
555936735
1588263601
1462324486
1591303229
485126024
432494037
1590544811
1619719913
6443719529
6443898024
6443957793
1411917616
6443496204
902491237
442778510
989804926
6443933564
1581750845
6443851045
6443594835
1189781891
910898851
329472759
6443899871
1216575026
403884878
694647259
1126058329
1523633394
419575885
426415753
6443787777
1268798201
362949845
352000376
529379082
390812953
6443948831
690106176
1143883086
656542517
6443917600
331177714
6443412337
6443923893
1508186374
6443938819
962194608
642727743
1443988620
409702778
1621531549
1563148041
331004675
1354260888
1644093016
6443911955
1477203766
1154059529
6443655762
283646709
999762739
6443819579
1542776143
951937596
348712880
566347057
1480805172
1600273117
6443937892
826510222
379693831
1232780281
1638890248
289894882
529815782
669428471
6443905384
1618184255
1500395377
1623950531
1635507864
6443895087
826333314
501658692
6443903421
6443914316
6443959382
1602987976
394275498
6443935456
932128168
1073698593
347679488
1446344746
1456274776
1375425432
1293634699
1093131935
498151501
1633226273
446079916
423779936
570060128
6443846729
1265838130
1187265767
804177739
431946152
1362013798
1592246393
6443944286
6443854957
6443649539
1482382774
6443934819
6443962988
1330451888
1173365557
639930688
1515511378
1535422059
1519508653
6443945750
1588142206
6443961650
1484442152
1610947489
1483785220
1087780386
488818252
462054704
6443880556
1463795337
1315007279
357421934
1336067110
1018175041
487922291
1344700142
1600032828
1629429171
663592361
6443502454
973811326
945621521
582857276
1455953893
6443843363
1591627945
432627778
373963365
1578902078
448474183
1207867591
1582623084
6443714467
957215308
1193933380
427916203
6443869629
341232718
1043579926
1288059768
1223397201
556737680
1125003546
1464689103
1564403188
463295925
6443953103
1330898775
1496402756
1641094442
363590051
6443937301
1471493354
6443902111
1037826540
1637417377
6443845012
6443944853
1592643202
1296646396
1427750529
477128284
1156417365
1113930361
6443626189
407597290
824305459
1478403837
497716362
1435168829
963034692
1262474519
1303222868
1127240206
1636566391
935216956
6443636804
1065980436
1179475725
1131203560
6443907860
1520656722
6443885116
1612649389
6443952166
6443579460
524943492
1439187947
1504434984
708200282
1197552569
690602681
1550945606
6443849816
1443446174
446086440
930574573
919087726
914386930
739699649
1597507227
743974925
353642901
6443844703
898076976
1641062073
1388411277
335029050
1492306284
364276908
6443956450
1481738048
483568103
1241909999
1197354394
1631756254
6443934102
1103980407
452707806
1340650234
294934058
6443880052
754105884
6443791247
413246093
462638897
638689075
504270602
977081997
763692274
1029932207
985244644
1317978215
1612931269
878783582
6443590116
926252661
482066631
543186831
1235569398
738480930
1519184112
1591921962
978458576
1180554775
1478697636
1452474937
475249619
1149994032
1423046460
1356980152
444823469
6443944547
338137227
1561052311
1191485284
1223338261
1163776422
6443931345
1593156638
904237743
596684220
1644861753
714004506
1624870583
1010962391
1595299565
1638861873
309735670
1052355709
6443852503
785537179
878577184
1569379048
395524977
6443721134
6443388218
6443581224
1505855171
535509415
1446075923
1237674663
1499081620
570306657
6443955201
1573652748
1111420122
1513118727
1076402606
1089225191
6443677675
1196524622
1474578078
6443909550
6443789023
1252974010
1552236389
1626230221
451505760
552039496
942568279
6443869005
912536422
1550224130
1631867592
6443582727
1077137248
466966101
1609639472
454638411
1312424138
1441648201
411536869
1286676015
1098233626
1533979882
1407852246
1469235524
1549531491
1596736236
1453356737
364909484
1452164827
1038653883
6443938067
715822238
317469184
6443909855
884984324
935754064
564540143
6443946876
1060085514
708196645
1451243766
6443841256
477537958
1523627747
6443950691
382233851
376510438
784548884
922558758
297430070
588358613
297606951
1182456409
1160056295
443369807
998411110
351727428
6443935158
1319618742
1057556336
6443828376
845140004
1274090551
1543845882
586634331
1389111413
1644439303
416580485
506922559
6443906352
368677368
586683407
6443931032
1330123889
1274354704
1451873044
1496150467
639343132
1478902583
1588094496
6443962142
568839295
6443751594
419724490
1118115766
549105915
1573428765
1134655040
535886823
440651124
578627826
1439889483
6443945697
6443937176
1146808748
711923939
474495017
896112560
323229106
6443879731
284815942
1613908087
678241305
1578000251
6443935782
1552407475
947925763
331308914
6443938008
983156458
1456887487
562989701
880047117
1458368189
426826309
1565374299
365724094
1644397256
6443951664
1628762035
1493002287
1563906582
1593193598
6443878373
944158857
981496660
1176527145
6443955307
1558982580
1292099839
886492891
892279069
879478102
1644668882
1568245971
1098617974
1128669274
1327304528
598581619
1643880405
1625768763
891194610
611071723
382596778
1040172229
1039141908
694831622
1328952941
6443902065
1543158709
1633310135
1631994510
920788519
1541153375
342664416
694876905
987436926
850417475
498732510
489185828
1581140954
1027799669
6443965628
1453989822
1578212119
513218878
1601586278
574816972
408841149
460177396
1633005615
6443940055
1637552493
390422167
6443956977
924695435
354936286
719972451
6443658726
479662730
1118883318
6443929941
370362301
1064517589
6443846505
1450306065
503451073
6443767874
727498391
608206510
1123582513
406889139
875242534
1287282214
1114886979
1452694750
651978174
1071976327
1502888390
1253855339
1570110927
6443888823
1117941080
6443776287
451120879
1365164709
1124390423
1633015266
1315748103
1512032170
552974550
6443720009
705079381
1264531625
1477955834
1635760774
1360608609
578665578
417352269
351448953
6443962242
1369317521
1644461329
1065360416
586447913
991018252
936971630
6443961723
1522259939
1616812969
1434192937
951627425
1207383840
972387337
354902315
6443937311
1436140272
6443587728
1612182545
1504425941
1609935204
599256899
1128384405
499541243
6443964076
407558537
334235181
430234732
1620616675
1517980891
838136374
1620202676
6443591896
505365608
360593530
1589814385
410395246
895913573
1641107226
526364858
886445756
6443878551
1641289002
888975587
723795263
1634766764
1427744264
1085978097
1150534552
837860959
1047264616
1619057157
1632008449
1637611019
410276288
421724209
1234617736
336901296
1040417757
749125114
1577784386
700637744
985746746
1469356572
435355256
478704158
1633879571
437025413
1536762482
1477046332
1091224574
284882215
447553564
1059911569
834465911
302584613
454086751
512266300
6443963815
1510944943
6443924021
1531292843
1113736426
1575644377
1294105620
338711072
1584626347
6443920709
1146465836
1575875418
984225820
540925500
1595779374
6443932311
493619333
932337449
6443941622
459313476
575980917
587366035
1480385784
6443773789
1179421849
400666114
6443542725
1529067679
1199780189
459749670
6443947748
298844386
547702041
633359593
6443895202
6443937646
6443949459
6443921479
438314348
595287172
1193508329
1527294900
6443902121
1482155847
6443950557
614562456
1600871388
1243005112
1481195453
1225558991
1504952058
1492005122
1550970114
1064216828
1512595757
449735650
327630330
479516143
1290736653
339393884
6443921773
447188370
510855668
657878530
904737816
1630942647
1309134227
6443829237
901941015
6443867127
1592081003
1602812214
6443830357
1148587239
933130307
1459402952
470412147
6443962385
1588590690
1476538730
711455226
922103212
1514542157
1382661240
1094591345
1532398652
1047318566
829581836
523607704
600626116
1135064690
719610089
1265752599
6443935912
946099227
414706506
425073498
1026311548
6443917908
1001893116
1644023573
6443963984
6443951420
1570095804
441493173
6443959111
6443938762
1613732367
6443766508
1084930849
371338349
6443834307
944011620
1482396429
450722833
567008119
1617006551
286070473
1633019249
1540299083
808108897
1436855888
1451295827
528122602
1331393380
1091301948
571800810
1459848206
6443943107
6443873744
6443958393
1117841866
1590622755
1594912534
1456274821
835599320
1627237205
6443962167
6443773019
1579072162
719525810
514634235
925339063
1500855883
1439886655
1264568098
1491530147
6443621026
1023681711
1491196899
6443937940
1557469430
6443721308
1615422104
444924121
404844644
1053012308
6443964133
625334537
731592936
541164041
6443949510
1396698319
1644816337
6443880128
6443747447
1423538627
1636514810
1468355283
866450515
1580626436
1229016807
1217507712
1639646894
1333256716
282614216
576226036
634040057
763708676
581258186
909269064
749118884
527589485
1370293473
1621720603
1195621598
6443837815
909319292
806077016
536248734
6443903974
719219382
6443655644
6443877673
561941526
6443950419
1573029040
1607122287
6443872433
401626263
385266473
929195587
948660805
6443879768
1096918571
298206806
6443850888
841875549
383091814
1444383602
358790776
6443946620
529996768
6443944813
874139669
351331194
1512751689
1512108917
905953485
1530944632
1371565796
6443865894
1129523589
544007664
1643658342
424881832
343555245
6443901163
6443868636
1459459021
1089994995
545519333
6443902145
1207472156
579607657
1144258115
6443941890
918054748
1616630362
1498229533
326459697
378563358
6443880036
904052407
1487607878
6443948720
1001501844
585027354
1579903282
1629392030
1208460960
1453990763
392788790
6443918023
1609270466
6443961930
432850619
978307846
1117405948
1620433553
436491861
1435609710
404990064
445338486
1585636302
575154654
950710606
554937499
1584318864
367003839
791978351
577628510
1509484603
1296796112
1357696438
904737541
1459520638
1080676345
1502228408
428492588
792750948
1119482395
1526144570
341151570
806393795
6443870050
1094930513
6443939098
973482987
372746348
1002345611
1208138685
1641486558
1114320457
1641791746
829587759
904894760
1581183813
686449807
6443911414
585629514
320599923
486363584
1052817340
1459645446
6443955479
459035295
725106192
1023146677
1628491230
6443443171
640564761
1019442026
448144025
563718995
616064935
1104692136
690661663
828392046
402370879
1368013995
6443828721
284993459
1186271926
1358222641
1175384784
737006024
1573482724
1062022008
6443849791
318979520
6443750571
1637076580
1491018034
1641662067
1089299986
641001805
469337564
1380057710
409838725
1528941310
1404165333
1072395467
6443914535
1444761746
363126964
1572244031
1013231476
6443898626
1437783446
6443919457
1228727869
6443919351
490077681
685860762
698255242
512939461
6443815002
1606505499
340030725
1392608717
971265422
1248033433
821560738
405075943
1645838628
1570311911
6443934001
1642571982
916869395
398129933
932747118
1238611143
462058435
1451457615
6443781716
1439623630
1002043426
1458749093
6443943083
596026805
317809458
586149216
1035712810
6443751612
1474716211
586328581
1624464449
1633243177
1349292121
1462900508
1630699001
375695000
852197796
342898717
1250107307
6443962328
361784690
1533393982
1276263909
1038440531
1041886995
351841850
1138264921
1631006649
1630650021
1531321108
542355130
714121079
1522149479
523775368
482973524
1064977107
868827305
569371565
373311252
575905376
373493387
6443966115
1528448656
307219387
1300146617
1603487702
1438166219
932493382
1159720844
1423115391
921022358
329913454
6443911974
672902340
1260755201
525083506
495889043
1642873657
1030595027
6443939226
810497760
777512000
1620311529
1073980208
6443921451
1551307770
897446215
1457771281
6443923909
675033630
1631860713
1644172881
930441707
916366645
850549838
1644358864
679805463
6443623730
1034309353
484672289
6443893597
6443880130
6443637128
6443857332
292738169
539920547
6443932835
1003707932
1443326857
890378044
6443941860
992140496
919097064
1452906710
525818839
453092149
546505307
411538137
6443915789
886645737
586449534
1106831630
6443882280
1204940340
1551375407
6443899544
881270303
828578246
1080941404
402698121
398195347
6443719595
